16 0
0 0
0 -16
16 16
16 16
16 16
16 16
16 16
0 0
0 0
0 0
0 0
0 0
0 0
16 0
0 16
16 8
8 0
0 16
0 8
8 16
0 0
0 0
0 0
0 0
-16 0
0 -16
-16 -8
-8 0
16 8
0 -8
-8 -16
16 16
16 16
16 16
16 16
0 0
0 0
0 0
0 0
8 0
0 0
0 0
0 0
0 0
0 0
0 0
0 0
0 0
0 0
0 0
0 8
0 0
16 0
0 16
8 0
16 8
0 0
0 0
0 8
8 16
0 0
8 16
0 0
16 12
12 8
8 4
4 0
0 4
4 8
8 12
12 16
16 0
0 0
0 16
0 0
0 0
0 0
0 0
0 0
0 0
0 0
0 0
0 0
0 0
0 0
0 0
0 0
0 0
0 0
16 12
12 8
8 4
4 0
0 4
0 0
4 8
8 12
12 16
0 0
0 0
0 0
0 0
16 0
0 16
-16 0
0 -16
0 -4
-4 0
-8 -4
-12 -8
-16 -12
0 -16
-16 0
-12 -16
-8 -12
-4 -8
-16 0
0 -4
-4 0
-8 -4
-12 -8
-16 -12
0 -16
-16 0
-8 -16
0 -8
-8 0
0 -8
-16 -8
0 -16
-16 0
-8 -16
0 -8
-8 0
-16 -8
0 16
16 0
8 16
-8 -16
0 8
8 0
16 8
-8 0
-16 -8
-12 -16
-8 -12
-4 -8
0 -8
-8 -16
16 8
8 16
0 8
8 16
-16 -8
-8 0
0 0
0 0
0 0
0 0
0 0
0 0
0 0
0 0
0 0
0 0
0 0
0 0
0 0


